1
Intended Gesture - left_square_bracket
Recognized Gesture - left square bracket (0.9)
[(532, 208), (531, 217), (518, 217), (492, 218), (449, 222), (425, 223), (404, 226), (385, 227), (362, 230), (349, 232), (351, 241), (355, 263), (361, 297), (363, 320), (363, 345), (364, 365), (362, 378), (402, 371), (435, 367), (480, 362), (508, 360), (529, 363), (531, 365), (530, 370), (530, 363), (550, 319)]

2
Intended Gesture - rectangle
Recognized Gesture - rectangle (0.9)
[(321, 206), (322, 210), (323, 211), (321, 215), (319, 228), (319, 297), (321, 317), (320, 335), (317, 356), (316, 363), (319, 365), (322, 365), (333, 358), (364, 358), (413, 355), (436, 353), (459, 352), (497, 353), (510, 361), (509, 359), (510, 352), (514, 331), (504, 277), (496, 259), (496, 247), (497, 236), (495, 235), (482, 236), (427, 242), (402, 245), (381, 252), (363, 256), (360, 256), (361, 256), (366, 250), (378, 223)]

3
Intended Gesture - rectangle
Recognized Gesture - rectangle (0.9)
[(305, 217), (304, 218), (304, 221), (307, 221), (306, 246), (300, 299), (297, 325), (294, 344), (363, 358), (407, 359), (461, 355), (484, 355), (501, 352), (510, 354), (509, 342), (506, 309), (502, 282), (497, 255), (491, 238), (493, 222), (485, 226), (445, 229), (415, 234), (385, 236), (361, 239), (335, 239), (334, 241), (341, 217)]

4
Intended Gesture - rectangle
Recognized Gesture - rectangle (0.9)
[(309, 190), (311, 194), (310, 196), (308, 198), (310, 206), (308, 255), (307, 282), (307, 318), (306, 354), (309, 357), (357, 347), (394, 345), (438, 340), (461, 345), (485, 346), (500, 346), (504, 344), (500, 314), (495, 292), (482, 252), (478, 233), (480, 220), (464, 213), (441, 219), (402, 220), (383, 219), (359, 224), (332, 229), (332, 228), (340, 212), (354, 179)]

5
Intended Gesture - delete
Recognized Gesture - delete (0.8)
[(505, 168), (461, 136), (421, 124), (388, 124), (356, 135), (344, 149), (339, 159), (334, 172), (333, 177), (333, 179), (346, 193), (362, 212), (381, 237), (404, 256), (446, 297), (460, 322), (480, 342), (474, 342), (453, 346), (394, 344), (362, 343), (332, 339), (326, 342), (306, 340), (275, 337), (276, 337), (315, 310), (354, 280), (385, 262), (409, 238), (432, 220), (467, 195), (470, 195), (481, 175), (507, 146)]

6
Intended Gesture - rectangle
Recognized Gesture - rectangle (0.9)
[(291, 195), (292, 201), (295, 219), (297, 241), (297, 267), (308, 322), (419, 314), (470, 318), (492, 315), (518, 316), (522, 315), (520, 317), (519, 301), (514, 264), (508, 244), (501, 224), (499, 208), (497, 210), (470, 206), (439, 212), (404, 217), (372, 223), (345, 226), (310, 226), (308, 227), (310, 222), (318, 195)]

7
Intended Gesture - rectangle
Recognized Gesture - x (0.8)
[(311, 275), (537, 335), (577, 336), (576, 342), (553, 294), (542, 255), (530, 221), (519, 195), (517, 187), (512, 202), (483, 201), (443, 205), (387, 212), (356, 219), (339, 219), (341, 219), (345, 216), (361, 161)]

8
Intended Gesture - rectangle
Recognized Gesture - x (0.8)
[(290, 289), (449, 333), (488, 336), (542, 345), (537, 345), (538, 342), (536, 347), (529, 317), (524, 293), (517, 260), (508, 235), (500, 231), (504, 221), (489, 222), (441, 219), (410, 222), (381, 227), (327, 230), (310, 237), (311, 236), (313, 233), (314, 201), (327, 165)]

9
Intended Gesture - delete
Recognized Gesture - delete (0.8)
[(381, 254), (400, 287), (424, 307), (446, 336), (441, 357), (330, 336), (289, 332), (256, 334), (257, 332), (263, 329), (319, 278), (316, 282), (346, 256), (391, 219), (413, 204), (431, 188), (436, 187), (436, 190), (436, 180), (466, 141)]

10
Intended Gesture - rectangle
Recognized Gesture - rectangle (0.9)
[(346, 198), (349, 199), (348, 198), (351, 212), (348, 241), (347, 270), (350, 295), (522, 325), (520, 328), (548, 325), (576, 330), (575, 328), (568, 316), (555, 290), (538, 238), (533, 228), (525, 226), (531, 216), (527, 219), (507, 215), (476, 211), (412, 218), (415, 216), (385, 223), (360, 229), (357, 230), (359, 231), (360, 230), (368, 207), (376, 178)]

11
Intended Gesture - rectangle
Recognized Gesture - rectangle (0.9)
[(306, 204), (306, 205), (307, 206), (307, 259), (495, 353), (520, 359), (508, 295), (506, 287), (501, 250), (491, 208), (490, 210), (487, 209), (488, 220), (473, 218), (418, 219), (378, 224), (349, 232), (332, 236), (325, 233), (327, 233), (344, 177)]

12
Intended Gesture - rectangle
Recognized Gesture - rectangle (0.9)
[(287, 214), (289, 231), (285, 272), (284, 309), (417, 331), (455, 324), (498, 330), (500, 327), (502, 314), (494, 270), (487, 239), (482, 218), (477, 201), (480, 195), (455, 200), (410, 207), (376, 208), (348, 208), (330, 214), (326, 216), (325, 216), (337, 176), (355, 154)]

13
Intended Gesture - left_square_bracket
Recognized Gesture - left square bracket (0.9)
[(378, 227), (341, 227), (320, 231), (305, 234), (300, 235), (301, 241), (304, 262), (301, 303), (298, 326), (293, 341), (337, 344), (427, 336), (482, 336), (488, 339), (483, 340), (485, 336)]

14
Intended Gesture - rectangle
Recognized Gesture - rectangle (0.9)
[(323, 202), (326, 204), (325, 209), (327, 223), (327, 273), (449, 322), (484, 321), (487, 322), (515, 318), (517, 326), (546, 327), (542, 330), (528, 257), (517, 251), (508, 218), (501, 203), (497, 202), (489, 207), (455, 203), (424, 210), (373, 216), (342, 216), (322, 223), (317, 222), (324, 222), (330, 183)]

15
Intended Gesture - delete
Recognized Gesture - delete (0.8)
[(320, 193), (319, 194), (318, 195), (319, 197), (328, 207), (359, 255), (381, 280), (442, 346), (442, 346), (426, 343), (335, 330), (337, 326), (306, 323), (275, 318), (268, 317), (335, 270), (369, 244), (431, 198), (461, 169), (481, 161), (484, 166), (499, 132), (517, 104)]

16
Intended Gesture - delete
Recognized Gesture - delete (0.9)
[(351, 190), (352, 191), (353, 193), (357, 198), (367, 213), (384, 242), (424, 294), (438, 312), (454, 332), (483, 370), (470, 367), (447, 361), (420, 359), (273, 356), (326, 309), (363, 280), (431, 226), (430, 223), (451, 203), (469, 194), (472, 197), (477, 178), (493, 150)]

17
Intended Gesture - left_square_bracket
Recognized Gesture - left square bracket (0.9)
[(503, 141), (499, 148), (502, 152), (502, 154), (491, 157), (467, 158), (408, 169), (377, 165), (347, 168), (311, 173), (300, 173), (302, 175), (308, 187), (308, 213), (309, 241), (303, 285), (300, 310), (300, 318), (302, 314), (329, 309), (371, 305), (418, 302), (462, 298), (526, 292), (529, 291), (530, 303), (529, 302), (546, 277)]

18
Intended Gesture - left_square_bracket
Recognized Gesture - left square bracket (0.9)
[(517, 189), (514, 204), (516, 207), (512, 207), (495, 200), (463, 207), (396, 212), (404, 209), (373, 214), (346, 216), (315, 214), (309, 215), (311, 215), (312, 217), (312, 225), (317, 274), (318, 304), (421, 335), (419, 339), (462, 338), (526, 339), (529, 343), (552, 347), (556, 350), (556, 347), (572, 305)]

19
Intended Gesture - left_square_bracket
Recognized Gesture - x (0.7)
[(481, 283), (481, 222), (467, 169)]

20
Intended Gesture - delete
Recognized Gesture - delete (0.9)
[(376, 220), (376, 221), (374, 221), (377, 228), (387, 240), (406, 263), (452, 319), (475, 344), (495, 363), (512, 376), (508, 380), (496, 380), (469, 380), (326, 364), (305, 367), (322, 358), (348, 341), (384, 311), (422, 278), (488, 231), (506, 216), (527, 209), (528, 210), (526, 209), (522, 202)]

21
Intended Gesture - left_square_bracket
Recognized Gesture - left square bracket (0.9)
[(467, 226), (469, 223), (469, 226), (466, 227), (453, 229), (403, 234), (369, 239), (340, 237), (314, 241), (310, 241), (311, 242), (311, 250), (307, 302), (307, 323), (299, 354), (295, 362), (302, 359), (324, 351), (408, 346), (408, 349), (464, 340), (485, 353), (495, 356), (491, 352)]

22
Intended Gesture - delete
Recognized Gesture - delete (0.9)
[(357, 188), (358, 190), (359, 193), (366, 202), (378, 230), (400, 253), (453, 306), (501, 368), (483, 375), (339, 362), (275, 369), (380, 271), (375, 272), (433, 233), (464, 212), (488, 196), (496, 201), (498, 189), (528, 157)]

23
Intended Gesture - left_square_bracket
Recognized Gesture - left square bracket (0.9)
[(454, 224), (458, 226), (455, 228), (440, 231), (418, 233), (390, 237), (357, 237), (302, 241), (304, 240), (285, 240), (281, 239), (279, 242), (283, 249), (283, 270), (277, 302), (278, 335), (502, 395), (510, 386), (536, 361)]

24
Intended Gesture - left_square_bracket
Recognized Gesture - left square bracket (0.9)
[(483, 253), (487, 254), (486, 256), (483, 258), (475, 258), (427, 268), (393, 272), (354, 270), (329, 271), (313, 274), (305, 276), (307, 287), (306, 312), (503, 401), (542, 402), (539, 392), (551, 376)]

25
Intended Gesture - left_square_bracket
Recognized Gesture - triangle (0.8)
[(502, 276), (504, 294), (502, 286), (507, 297), (496, 289), (479, 298), (363, 297), (333, 293), (336, 294), (337, 306), (562, 405), (622, 358), (621, 362), (611, 371), (616, 365), (616, 367), (617, 370), (620, 371), (621, 372), (618, 375), (616, 376), (622, 391), (658, 385), (621, 389), (403, 378)]

26
Intended Gesture - delete
Recognized Gesture - v (0.9)
[(310, 259), (309, 260), (308, 261), (310, 262), (313, 266), (325, 274), (347, 294), (320, 369), (393, 317), (390, 316), (424, 285), (450, 262), (454, 266), (455, 268), (471, 235)]

27
Intended Gesture - left_square_bracket
Recognized Gesture - left square bracket (0.9)
[(414, 238), (417, 242), (420, 246), (416, 243), (417, 243), (386, 254), (356, 257), (324, 261), (326, 259), (289, 254), (276, 254), (268, 251), (268, 255), (266, 255), (266, 254), (266, 275), (264, 304), (267, 369), (421, 399), (453, 403), (476, 407), (478, 409), (481, 405)]

28
Intended Gesture - delete
Recognized Gesture - v (0.8)
[(314, 262), (315, 265), (315, 269), (315, 268), (317, 269), (323, 274), (343, 310), (363, 339), (313, 368), (354, 336), (424, 291), (425, 284), (459, 266), (476, 262), (481, 256), (479, 256), (485, 233), (504, 210)]


29
Intended Gesture - delete
Recognized Gesture - delete (0.8)
[(301, 386), (283, 388), (288, 387), (292, 383), (295, 385), (295, 385), (295, 385), (295, 384), (295, 385), (296, 385), (297, 383), (303, 387), (327, 402), (339, 431), (377, 393), (398, 410), (376, 409), (352, 406), (324, 394), (288, 391), (258, 393), (341, 406), (255, 395), (270, 411), (397, 334), (437, 303), (468, 281), (486, 283), (482, 267)]


30
Intended Gesture - delete
Recognized Gesture - delete (0.9)
[(318, 230), (320, 233), (327, 238), (335, 258), (360, 298), (379, 327), (402, 361), (431, 396), (373, 388), (335, 381), (240, 377), (209, 379), (207, 381), (362, 283), (428, 245), (459, 235), (466, 233)]

